0.09766411781311035 0.09433341026306152 0.08077645301818848 0.09092466036478679 
0.7545289993286133 0.7544329166412354 1.130474328994751 0.8798120816548666 
2.384187936782837 2.381986618041992 2.378335475921631 2.3815033435821533 
4.7458579540252686 4.754833221435547 4.745054721832275 4.748581965764363 
8.063851833343506 8.06795358657837 8.070384740829468 8.067396720250448 
12.27199387550354 12.472758769989014 12.459382772445679 12.401378472646078 
18.411295413970947 18.28153419494629 18.289737224578857 18.32752227783203 
23.008989095687866 22.98675537109375 22.988075017929077 22.994606494903564 
30.503607511520386 31.90628981590271 31.925453186035156 31.445116837819416 
37.47365093231201 37.22559189796448 37.13796329498291 37.2790687084198 
