0.011422157287597656 0.011429548263549805 0.01147913932800293 0.011443614959716797 
0.027557373046875 0.027504444122314453 0.02748584747314453 0.027515888214111328 
0.05175375938415527 0.052108049392700195 0.05139470100402832 0.051752169926961265 
0.07674336433410645 0.07635307312011719 0.07654809951782227 0.07654817899068196 
0.1021718978881836 0.10207772254943848 0.10178923606872559 0.10201295216878255 
0.12983274459838867 0.1291954517364502 0.12923812866210938 0.12942210833231607 
0.15503478050231934 0.15512514114379883 0.15598440170288086 0.155381441116333 
0.1844477653503418 0.18175125122070312 0.18163061141967773 0.18260987599690756 
0.2091681957244873 0.2086348533630371 0.20879769325256348 0.20886691411336264 
0.23632431030273438 0.2361903190612793 0.2365429401397705 0.23635252316792807 
